NAME	= basin
DESCRIPTION	= 
UNIT	= 
DATAFORMAT	= FLOAT
DATAFILE_OFFSET	= 0
BYTEORDER_BIG	= FALSE
TOPTOBOTTOM	= FALSE
POSITION_XMIN	= 243050.0000000000
POSITION_YMIN	= 3113450.0000000000
CELLCOUNT_X	= 1129
CELLCOUNT_Y	= 779
CELLSIZE	= 100.0000000000
Z_FACTOR	= 1.000000
Z_OFFSET	= 0.000000
NODATA_VALUE	= -1.000000
